0.0695094303217404;0.0696059042014375;0.0696059042014375;0.0696059042014375;0.0841252230958468;0.0841252230958468;0.0841252230958468;0.290675799527278;0.319569726496551;0.319569726496551;0.595629733249723;0.658434228932517;0.748974965028219;0.793449423568569;0.83030244561285;0.940813274805846;0.940813274805846;0.940813274805846;0.940909748685543;0.940909748685543;0.96739182866239;0.96739182866239;1;1;1;1;1;
0.05927035785219;0.0593052022718562;0.0593052022718562;0.0593052022718562;0.0913969127844176;0.0913969127844176;0.0913969127844176;0.19903132513328;0.341335935050002;0.341335935050002;0.461235583121363;0.607547301299697;0.651904247534757;0.775218648733405;0.813791421303878;0.866859472455486;0.866859472455486;0.866929161294819;0.866929161294819;0.866964005714485;0.963378514930834;0.963378514930834;1;1;1;1;1;
0.5;0.5;0.5;0.5;0.75;0.75;0.75;0.75;1;1;1;1;1;1;1;1;1;1;1;1;1;1;1;1;1;1;1;
NaN;NaN;NaN;NaN;NaN;NaN;NaN;NaN;NaN;NaN;NaN;NaN;NaN;NaN;NaN;NaN;NaN;NaN;NaN;NaN;NaN;NaN;NaN;NaN;NaN;NaN;NaN;
0;0;0;0;0;0;0;0;0;0;0;0;0;0;1;1;1;1;1;1;1;1;1;1;1;1;1;
0.154435787886404;0.154561447599899;0.154561447599899;0.154687107313395;0.196029153053531;0.196029153053531;0.196029153053531;0.303593867805981;0.408268409148027;0.408268409148027;0.515079165619502;0.730711233978387;0.768911786881126;0.842548378989696;0.887785875848203;0.934279969841669;0.934279969841669;0.934405629555165;0.934405629555165;0.934656948982156;0.957652676551897;0.957652676551897;1;1;1;1;1;
NaN;NaN;NaN;NaN;NaN;NaN;NaN;NaN;NaN;NaN;NaN;NaN;NaN;NaN;NaN;NaN;NaN;NaN;NaN;NaN;NaN;NaN;NaN;NaN;NaN;NaN;NaN;
NaN;NaN;NaN;NaN;NaN;NaN;NaN;NaN;NaN;NaN;NaN;NaN;NaN;NaN;NaN;NaN;NaN;NaN;NaN;NaN;NaN;NaN;NaN;NaN;NaN;NaN;NaN;
0.276590152444367;0.276590152444367;0.276590152444367;0.276590152444367;0.383826879271071;0.383826879271071;0.383826879271071;0.384089714385842;0.565095496758367;0.565095496758367;0.565708778692833;0.56702295426669;0.567198177676538;0.567986683020852;0.877694059926406;0.878132118451025;0.878132118451025;0.878132118451025;0.878132118451025;0.878132118451025;0.999737164885229;0.999737164885229;1;1;1;1;1;
0.229662921348315;0.229662921348315;0.229662921348315;0.229662921348315;0.255880149812734;0.255880149812734;0.255880149812734;0.322546816479401;0.418576779026217;0.418576779026217;0.572659176029963;0.695580524344569;0.729737827715356;0.836554307116105;0.894157303370786;0.9387265917603;0.9387265917603;0.9387265917603;0.938801498127341;0.938801498127341;0.967715355805243;0.967715355805243;1;1;1;1;1;
NaN;NaN;NaN;NaN;NaN;NaN;NaN;NaN;NaN;NaN;NaN;NaN;NaN;NaN;NaN;NaN;NaN;NaN;NaN;NaN;NaN;NaN;NaN;NaN;NaN;NaN;NaN;
0.456246670218434;0.456246670218434;0.456246670218434;0.456246670218434;0.577250932338839;0.577250932338839;0.577250932338839;0.577916888652104;0.695058604155567;0.695058604155567;0.696323921150772;0.696856686201385;0.696923281832712;0.697855620671284;0.808137986148109;0.808470964304742;0.808470964304742;0.808470964304742;0.808470964304742;0.808470964304742;0.999933404368673;0.999933404368673;1;1;1;1;1;
0.307596123788684;0.307596123788684;0.307596123788684;0.307596123788684;0.517661769302907;0.517661769302907;0.517661769302907;0.51844326351985;0.703657392935292;0.703657392935292;0.704985933104095;0.708190059393561;0.70873710534542;0.710221944357612;0.863629259143482;0.863941856830259;0.863941856830259;0.863941856830259;0.863941856830259;0.863941856830259;0.999765551734917;0.999765551734917;1;1;1;1;1;
0.618912797281993;0.618912797281993;0.618912797281993;0.618912797281993;0.692336730841827;0.692336730841827;0.692336730841827;0.693469233673084;0.762740656851642;0.762740656851642;0.763873159682899;0.764439411098528;0.765949414873537;0.767081917704794;0.930162325405814;0.932049830124575;0.932049830124575;0.932049830124575;0.932049830124575;0.932049830124575;0.999811249528124;0.999811249528124;1;1;1;1;1;
0.45812124016659;0.45812124016659;0.45812124016659;0.45812124016659;0.57878297084683;0.57878297084683;0.57878297084683;0.579245719574271;0.754280425728829;0.754280425728829;0.754974548819991;0.755552984729292;0.756247107820453;0.758907913003239;0.892063859324387;0.892642295233688;0.892642295233688;0.892642295233688;0.892642295233688;0.892642295233688;0.998958815363258;0.998958815363258;1;1;1;1;1;
0.0905308464849354;0.0905308464849354;0.0905308464849354;0.0905308464849354;0.121233859397418;0.121233859397418;0.121233859397418;0.226327116212339;0.289813486370158;0.289813486370158;0.411692969870875;0.569583931133429;0.618292682926829;0.709756097560976;0.882639885222382;0.949641319942611;0.949641319942611;0.949641319942611;0.949641319942611;0.949713055954089;0.982639885222382;0.982711621233859;1;1;1;1;1;
0.368379446640316;0.368379446640316;0.368379446640316;0.368379446640316;0.460237154150198;0.460237154150198;0.460237154150198;0.461185770750988;0.568063241106719;0.568063241106719;0.568379446640316;0.570434782608696;0.570909090909091;0.572173913043478;0.753833992094862;0.755415019762846;0.755415019762846;0.755415019762846;0.755415019762846;0.755415019762846;0.999841897233202;0.999841897233202;1;1;1;1;1;
NaN;NaN;NaN;NaN;NaN;NaN;NaN;NaN;NaN;NaN;NaN;NaN;NaN;NaN;NaN;NaN;NaN;NaN;NaN;NaN;NaN;NaN;NaN;NaN;NaN;NaN;NaN;
0;0;0;0;0.333333333333333;0.333333333333333;0.333333333333333;0.333333333333333;1;1;1;1;1;1;1;1;1;1;1;1;1;1;1;1;1;1;1;
0.333333333333333;0.333333333333333;0.333333333333333;0.333333333333333;0.666666666666667;0.666666666666667;0.666666666666667;0.666666666666667;1;1;1;1;1;1;1;1;1;1;1;1;1;1;1;1;1;1;1;
0.6;0.6;0.6;0.6;0.8;0.8;0.8;0.8;1;1;1;1;1;1;1;1;1;1;1;1;1;1;1;1;1;1;1;
0.21051667277391;0.21051667277391;0.21051667277391;0.21051667277391;0.241113961157933;0.241113961157933;0.241113961157933;0.315683400513008;0.417460608281422;0.417460608281422;0.530505679736167;0.687614510809821;0.753206302674973;0.836112128984976;0.86945767680469;0.924422865518505;0.924422865518505;0.924422865518505;0.924422865518505;0.924514474166361;0.970685232685966;0.970685232685966;1;1;1;1;1;
0;0;0;0;1;1;1;1;1;1;1;1;1;1;1;1;1;1;1;1;1;1;1;1;1;1;1;
0.713211249182472;0.713211249182472;0.713211249182472;0.713211249182472;0.870176586003924;0.870176586003924;0.870176586003924;0.873446697187704;0.97841726618705;0.97841726618705;0.979398299542184;0.982341399607587;0.982995421844343;0.984303466317855;0.997383911052976;0.998037933289732;0.998037933289732;0.998037933289732;0.998037933289732;0.998037933289732;0.999018966644866;0.999018966644866;1;1;1;1;1;
NaN;NaN;NaN;NaN;NaN;NaN;NaN;NaN;NaN;NaN;NaN;NaN;NaN;NaN;NaN;NaN;NaN;NaN;NaN;NaN;NaN;NaN;NaN;NaN;NaN;NaN;NaN;
NaN;NaN;NaN;NaN;NaN;NaN;NaN;NaN;NaN;NaN;NaN;NaN;NaN;NaN;NaN;NaN;NaN;NaN;NaN;NaN;NaN;NaN;NaN;NaN;NaN;NaN;NaN;
NaN;NaN;NaN;NaN;NaN;NaN;NaN;NaN;NaN;NaN;NaN;NaN;NaN;NaN;NaN;NaN;NaN;NaN;NaN;NaN;NaN;NaN;NaN;NaN;NaN;NaN;NaN;
NaN;NaN;NaN;NaN;NaN;NaN;NaN;NaN;NaN;NaN;NaN;NaN;NaN;NaN;NaN;NaN;NaN;NaN;NaN;NaN;NaN;NaN;NaN;NaN;NaN;NaN;NaN;
