0.108775442108775;0.120453787120454;0.164497831164498;0.207874541207875;0.310643977310644;0.345011678345012;0.352018685352019;0.360026693360027;0.424090757424091;0.428094761428095;0.428094761428095;0.468802135468802;0.538538538538539;0.623957290623957;0.641975308641975;0.706039372706039;0.725392058725392;0.740407073740407;0.827160493827161;0.881548214881548;0.927260593927261;1;1;1;1;1;1;1;1;1;1;1;1;1;1;
0;0.022972972972973;0.127027027027027;0.174324324324324;0.206756756756757;0.206756756756757;0.255405405405405;0.255405405405405;0.255405405405405;0.255405405405405;0.255405405405405;0.386486486486486;0.502702702702703;0.543243243243243;0.559459459459459;0.57972972972973;0.57972972972973;0.694594594594595;0.763513513513513;0.855405405405405;0.971621621621622;1;1;1;1;1;1;1;1;1;1;1;1;1;1;
0;0;0;0;0.226950354609929;0.226950354609929;0.226950354609929;0.226950354609929;0.468085106382979;0.468085106382979;0.468085106382979;0.595744680851064;0.595744680851064;0.595744680851064;0.659574468085106;0.659574468085106;0.659574468085106;0.659574468085106;0.659574468085106;0.659574468085106;1;1;1;1;1;1;1;1;1;1;1;1;1;1;1;
0;0;0.0236220472440945;0.0236220472440945;0.165354330708661;0.165354330708661;0.165354330708661;0.165354330708661;0.425196850393701;0.425196850393701;0.425196850393701;0.425196850393701;0.425196850393701;0.425196850393701;0.614173228346457;0.614173228346457;0.614173228346457;0.655511811023622;0.655511811023622;0.822834645669291;1;1;1;1;1;1;1;1;1;1;1;1;1;1;1;
0.0321543408360129;0.0321543408360129;0.0321543408360129;0.0321543408360129;0.0321543408360129;0.0321543408360129;0.0321543408360129;0.0321543408360129;0.594855305466238;0.594855305466238;0.594855305466238;0.594855305466238;0.594855305466238;0.594855305466238;0.678456591639871;0.678456591639871;0.678456591639871;0.697749196141479;0.697749196141479;0.697749196141479;1;1;1;1;1;1;1;1;1;1;1;1;1;1;1;
0.00815217391304348;0.00815217391304348;0.0606884057971014;0.0606884057971014;0.0715579710144928;0.0715579710144928;0.165760869565217;0.166666666666667;0.173913043478261;0.173913043478261;0.173913043478261;0.333333333333333;0.388586956521739;0.589673913043478;0.589673913043478;0.589673913043478;0.632246376811594;0.768115942028985;0.894021739130435;0.971014492753623;1;1;1;1;1;1;1;1;1;1;1;1;1;1;1;
0.441441441441441;0.441441441441441;0.441441441441441;0.441441441441441;0.900900900900901;0.900900900900901;0.900900900900901;0.900900900900901;0.900900900900901;0.900900900900901;0.900900900900901;0.900900900900901;0.900900900900901;0.900900900900901;0.900900900900901;0.900900900900901;0.900900900900901;0.945945945945946;0.945945945945946;0.945945945945946;1;1;1;1;1;1;1;1;1;1;1;1;1;1;1;
0;0;0;0;0.460176991150442;0.460176991150442;0.460176991150442;0.460176991150442;0.63716814159292;0.63716814159292;0.63716814159292;0.63716814159292;0.63716814159292;0.783185840707965;0.783185840707965;0.783185840707965;0.783185840707965;0.876106194690266;0.876106194690266;0.876106194690266;1;1;1;1;1;1;1;1;1;1;1;1;1;1;1;
0.746031746031746;0.746031746031746;0.746031746031746;0.746031746031746;0.841269841269841;0.841269841269841;0.841269841269841;0.841269841269841;0.857142857142857;0.857142857142857;0.857142857142857;0.857142857142857;0.857142857142857;0.857142857142857;1;1;1;1;1;1;1;1;1;1;1;1;1;1;1;1;1;1;1;1;1;
0.0667976424361493;0.169941060903733;0.2475442043222;0.300589390962672;0.349705304518664;0.357563850687623;0.37524557956778;0.37524557956778;0.378192534381139;0.378192534381139;0.378192534381139;0.399803536345776;0.424361493123772;0.522593320235756;0.522593320235756;0.56286836935167;0.636542239685658;0.636542239685658;0.831041257367387;0.928290766208251;0.959724950884086;1;1;1;1;1;1;1;1;1;1;1;1;1;1;
0;0;0;0;0;0;0;0;0;0;0;0;0;0;0;0;0;0;0;0;1;1;1;1;1;1;1;1;1;1;1;1;1;1;1;
NaN;NaN;NaN;NaN;NaN;NaN;NaN;NaN;NaN;NaN;NaN;NaN;NaN;NaN;NaN;NaN;NaN;NaN;NaN;NaN;NaN;NaN;NaN;NaN;NaN;NaN;NaN;NaN;NaN;NaN;NaN;NaN;NaN;NaN;NaN;
0.123471882640587;0.123471882640587;0.123471882640587;0.123471882640587;0.310513447432763;0.310513447432763;0.310513447432763;0.310513447432763;0.539119804400978;0.539119804400978;0.539119804400978;0.745721271393643;0.745721271393643;0.745721271393643;0.790953545232274;0.815403422982885;0.815403422982885;0.815403422982885;0.815403422982885;0.86919315403423;0.984107579462103;1;1;1;1;1;1;1;1;1;1;1;1;1;1;
0.30787037037037;0.30787037037037;0.349537037037037;0.349537037037037;0.606481481481482;0.606481481481482;0.606481481481482;0.606481481481482;0.606481481481482;0.606481481481482;0.606481481481482;0.606481481481482;0.641203703703704;0.641203703703704;0.803240740740741;0.9375;0.9375;0.9375;0.979166666666667;0.979166666666667;1;1;1;1;1;1;1;1;1;1;1;1;1;1;1;
0.105035971223022;0.105035971223022;0.161151079136691;0.257553956834532;0.392805755395683;0.392805755395683;0.411510791366906;0.411510791366906;0.598561151079137;0.598561151079137;0.598561151079137;0.598561151079137;0.598561151079137;0.598561151079137;0.640287769784173;0.640287769784173;0.640287769784173;0.640287769784173;0.687769784172662;0.854676258992806;0.98273381294964;1;1;1;1;1;1;1;1;1;1;1;1;1;1;
0;0.0219512195121951;0.0292682926829268;0.126829268292683;0.126829268292683;0.126829268292683;0.126829268292683;0.126829268292683;0.163414634146341;0.163414634146341;0.163414634146341;0.319512195121951;0.35609756097561;0.573170731707317;0.573170731707317;0.573170731707317;0.580487804878049;0.975609756097561;0.992682926829268;1;1;1;1;1;1;1;1;1;1;1;1;1;1;1;1;
0.072463768115942;0.072463768115942;0.072463768115942;0.072463768115942;0.316425120772947;0.316425120772947;0.316425120772947;0.386473429951691;0.545893719806763;0.545893719806763;0.545893719806763;0.589371980676328;0.589371980676328;0.589371980676328;0.693236714975845;0.693236714975845;0.693236714975845;0.785024154589372;0.826086956521739;0.826086956521739;1;1;1;1;1;1;1;1;1;1;1;1;1;1;1;
0;0;0;0;0;0;0;0;0;0;0;0;0;0;0;0;0;0;0;0;1;1;1;1;1;1;1;1;1;1;1;1;1;1;1;
0.106936416184971;0.138728323699422;0.21242774566474;0.252890173410405;0.361271676300578;0.361271676300578;0.361271676300578;0.374277456647399;0.609826589595376;0.609826589595376;0.609826589595376;0.609826589595376;0.627167630057804;0.683526011560694;0.710982658959538;0.776011560693642;0.776011560693642;0.826589595375723;0.86271676300578;0.947976878612717;1;1;1;1;1;1;1;1;1;1;1;1;1;1;1;
0.0607734806629834;0.0607734806629834;0.132596685082873;0.132596685082873;0.343922651933702;0.343922651933702;0.343922651933702;0.343922651933702;0.455801104972376;0.455801104972376;0.455801104972376;0.455801104972376;0.476519337016575;0.476519337016575;0.506906077348066;0.529005524861878;0.616022099447514;0.616022099447514;0.714088397790055;0.841160220994475;1;1;1;1;1;1;1;1;1;1;1;1;1;1;1;
0.128735632183908;0.128735632183908;0.128735632183908;0.128735632183908;0.306896551724138;0.306896551724138;0.306896551724138;0.306896551724138;0.513793103448276;0.513793103448276;0.513793103448276;0.513793103448276;0.513793103448276;0.513793103448276;0.609195402298851;0.640229885057471;0.640229885057471;0.740229885057471;0.740229885057471;0.801149425287356;1;1;1;1;1;1;1;1;1;1;1;1;1;1;1;
0.110246433203632;0.110246433203632;0.167315175097276;0.180285343709468;0.224383916990921;0.224383916990921;0.268482490272374;0.268482490272374;0.359273670557717;0.359273670557717;0.359273670557717;0.582360570687419;0.605706874189364;0.706874189364462;0.706874189364462;0.706874189364462;0.706874189364462;0.879377431906615;0.931258106355383;1;1;1;1;1;1;1;1;1;1;1;1;1;1;1;1;
0.0983606557377049;0.0983606557377049;0.0983606557377049;0.0983606557377049;0.459016393442623;0.459016393442623;0.459016393442623;0.459016393442623;0.845901639344262;0.845901639344262;0.845901639344262;0.845901639344262;0.845901639344262;0.845901639344262;0.934426229508197;0.934426229508197;0.934426229508197;0.934426229508197;0.934426229508197;0.934426229508197;1;1;1;1;1;1;1;1;1;1;1;1;1;1;1;
NaN;NaN;NaN;NaN;NaN;NaN;NaN;NaN;NaN;NaN;NaN;NaN;NaN;NaN;NaN;NaN;NaN;NaN;NaN;NaN;NaN;NaN;NaN;NaN;NaN;NaN;NaN;NaN;NaN;NaN;NaN;NaN;NaN;NaN;NaN;
NaN;NaN;NaN;NaN;NaN;NaN;NaN;NaN;NaN;NaN;NaN;NaN;NaN;NaN;NaN;NaN;NaN;NaN;NaN;NaN;NaN;NaN;NaN;NaN;NaN;NaN;NaN;NaN;NaN;NaN;NaN;NaN;NaN;NaN;NaN;
NaN;NaN;NaN;NaN;NaN;NaN;NaN;NaN;NaN;NaN;NaN;NaN;NaN;NaN;NaN;NaN;NaN;NaN;NaN;NaN;NaN;NaN;NaN;NaN;NaN;NaN;NaN;NaN;NaN;NaN;NaN;NaN;NaN;NaN;NaN;
NaN;NaN;NaN;NaN;NaN;NaN;NaN;NaN;NaN;NaN;NaN;NaN;NaN;NaN;NaN;NaN;NaN;NaN;NaN;NaN;NaN;NaN;NaN;NaN;NaN;NaN;NaN;NaN;NaN;NaN;NaN;NaN;NaN;NaN;NaN;
NaN;NaN;NaN;NaN;NaN;NaN;NaN;NaN;NaN;NaN;NaN;NaN;NaN;NaN;NaN;NaN;NaN;NaN;NaN;NaN;NaN;NaN;NaN;NaN;NaN;NaN;NaN;NaN;NaN;NaN;NaN;NaN;NaN;NaN;NaN;
NaN;NaN;NaN;NaN;NaN;NaN;NaN;NaN;NaN;NaN;NaN;NaN;NaN;NaN;NaN;NaN;NaN;NaN;NaN;NaN;NaN;NaN;NaN;NaN;NaN;NaN;NaN;NaN;NaN;NaN;NaN;NaN;NaN;NaN;NaN;
NaN;NaN;NaN;NaN;NaN;NaN;NaN;NaN;NaN;NaN;NaN;NaN;NaN;NaN;NaN;NaN;NaN;NaN;NaN;NaN;NaN;NaN;NaN;NaN;NaN;NaN;NaN;NaN;NaN;NaN;NaN;NaN;NaN;NaN;NaN;
NaN;NaN;NaN;NaN;NaN;NaN;NaN;NaN;NaN;NaN;NaN;NaN;NaN;NaN;NaN;NaN;NaN;NaN;NaN;NaN;NaN;NaN;NaN;NaN;NaN;NaN;NaN;NaN;NaN;NaN;NaN;NaN;NaN;NaN;NaN;
NaN;NaN;NaN;NaN;NaN;NaN;NaN;NaN;NaN;NaN;NaN;NaN;NaN;NaN;NaN;NaN;NaN;NaN;NaN;NaN;NaN;NaN;NaN;NaN;NaN;NaN;NaN;NaN;NaN;NaN;NaN;NaN;NaN;NaN;NaN;
NaN;NaN;NaN;NaN;NaN;NaN;NaN;NaN;NaN;NaN;NaN;NaN;NaN;NaN;NaN;NaN;NaN;NaN;NaN;NaN;NaN;NaN;NaN;NaN;NaN;NaN;NaN;NaN;NaN;NaN;NaN;NaN;NaN;NaN;NaN;
NaN;NaN;NaN;NaN;NaN;NaN;NaN;NaN;NaN;NaN;NaN;NaN;NaN;NaN;NaN;NaN;NaN;NaN;NaN;NaN;NaN;NaN;NaN;NaN;NaN;NaN;NaN;NaN;NaN;NaN;NaN;NaN;NaN;NaN;NaN;
NaN;NaN;NaN;NaN;NaN;NaN;NaN;NaN;NaN;NaN;NaN;NaN;NaN;NaN;NaN;NaN;NaN;NaN;NaN;NaN;NaN;NaN;NaN;NaN;NaN;NaN;NaN;NaN;NaN;NaN;NaN;NaN;NaN;NaN;NaN;
